11
16
2, 1, 0.4
2, 3, 0.8
3, 5, 0.6
3, 4, 0.7
3, 9, 0.5
3, 6, 0.8
3, 7, 0.7
4, 6, 0.1
4, 10, 0.2
4, 8, 0.4
5, 8, 0.5
7, 11, 0.6
6, 11, 0.3
9, 11, 0.4
8, 11, 0.5
10, 11, 0.6
1, 2, 7, baleine a bosse, 0.002
2, 300, 1800, krill, 0.01
3, 100, 500, petits poissons, 0.007
4, 50, 200, gros poissons, 0.006
5, 10, 15, gorfou, 0.00156
6, 150, 80, manchot Empereur, 0.0027
7, 20, 30, manchot Adelie, 0.0028
8, 100, 150, leopard de mer, 0.0019
9, 80, 120, phoque de Weddell, 0.0031
10, 5, 12, elephant de mer, 0.0041
11, 2, 9, orque, 0.001


