17
22
7, 6, 0.2
8, 6, 1
6, 2, 0.2
5, 2, 0.6
4, 2, 0.4
4, 1, 0.6
3, 1, 0.3
3, 16, 0.5
13, 3, 0.9
9, 1, 0.4
11, 9, 0.8
10, 6, 1
10, 12, 1
12, 4, 0.3
12, 5, 0.3
12, 11, 0.7
12, 14, 0.4
12, 17, 0.3
17, 16, 0.5
17, 1, 0.2
14, 15, 0.8
15, 16, 0.6
1, 5, 9, buse, 0.009
2, 8, 14, renard, 0.007
3, 16, 25, ecureuil, 0.005
4, 50, 120, campagnol, 0.008
5, 13, 80, lapin, 0.006
6, 500, 1500, bacteries x10^5, 0.002
7, 400, 800, litiere, 0.004
8, 200, 600, dejection, 0.009
9, 25, 60, mesange, 0.007
10, 400, 900, sels mineraux, 0.005
11, 100, 200, chenille, 0.008
12, 1000, 1600, matiere vegetal, 0.006
13, 200, 350, noisettes, 0.004
14, 150, 240, larve, 0.003
15, 25, 60, pic, 0.001
16, 15, 45, martre, 0.007
17, 30, 70, pie, 0.009
