23
50
1, 4, 0.6
1, 14, 0.5
1, 12, 0.6
1, 17, 0.8
1, 3, 0.9
1, 11, 0.8
1, 20, 0.7
1, 9, 0.7
1, 19, 0.7
4, 7, 0.7
4, 5, 0.4
14, 13, 0.7
14, 5, 0.1
14, 10, 0.5
14, 18, 0.5
12, 23, 0.5
12, 7, 0.2
12, 13, 0.5
20, 16, 0.9
20, 15, 0.9
9, 13, 0.4
9, 10, 0.4
9, 18, 0.3
9, 23, 0.6
11, 13, 0.6
19, 13, 0.4
19, 10, 0.3
3, 5, 0.6
3, 6, 0.8
6, 18, 0.1
17, 16, 0.9
17, 5, 0.3
2, 21, 0.7
2, 22, 0.6
7, 13, 0.4
10, 18, 0.3
10, 13, 0.6
18, 13, 0.2
16, 18, 0.2
22, 18, 0.05
22, 8, 0.01
22, 23, 0.2
21, 23, 0.4
21, 13, 0.3
21, 8, 0.05
8, 23, 0.1
8, 13, 0.1
18, 23, 0.3
23, 10, 0.2
18,10, 0.08
1, 1000000, 2000000, Herbe, 0.008
2, 800000, 1600000, Arbres, 0.006
3, 400000, 800000, Sauterelle, 0.007
4, 200000, 400000, Souris, 0.003
5, 15000, 30000, Serval, 0.001
6, 30000, 60000, Suricate, 0.004
7, 10000, 20000, Caracal, 0.002
8, 7000, 14000, Guepard, 0.004
9, 120000, 240000, Zebre, 0.007
10, 6000, 12000, Pantherenoire, 0.001
11, 60000, 120000, Topi, 0.005
12, 100000, 200000, Gazelle, 0.007
13, 8000, 16000, Lion, 0.003
14, 80000, 160000, Gnou, 0.006
15, 6000, 12000, Pangolin, 0.002
16, 5000, 10000, Orycterope, 0.004
17, 5000, 10000, Termite, 0.008
18, 1000, 2000, Hyene, 0.003
19, 2000, 4000, Phacochere, 0.004
20, 700000, 1400000, Fourmi, 0.008
21, 15000, 30000, Girafe, 0.005
22, 8000, 20000, Elephant, 0.002
23, 7000, 14000, Vautour, 0.004

